   3.13252211    
   3.12446332    
   3.12536621    
   3.13498759    
   3.12813330    
   3.13725305    
   3.14533687    
   3.13745618    
   3.14464688    
   3.14230871    
   3.13575935    
   3.13822293    
   3.14682841    
   3.13790798    
   3.14565492    
   3.14904499    
   3.14659357    
   3.15058637    
   3.15410018    
   3.16184783    
   3.16606474    
   3.16332531    
   3.17045569    
   3.16923499    
   3.16009116    
   3.16224098    
   3.15497446    
   3.14926195    
   3.14802575    
   3.14381695    
   3.14495158    
   3.14099073    
   3.14415050    
   3.15333033    
   3.15100670    
   3.14708400    
   3.15420365    
   3.15653539    
   3.16058087    
   3.15224767    
   3.15134835    
   3.15005827    
   3.15154028    
   3.14778686    
   3.14818192    
   3.14323282    
   3.15204763    
   3.15583134    
   3.15950322    
   3.15105677    
   3.14948225    
